Transformation matrices: 
STransG1
[[-1.000 0.000 0.000 -27.145]
 [0.000 -1.000 0.000 91.568]
 [0.000 0.000 1.000 -579.617]
 [0.000 0.000 0.000 1.000]]
STransG2
[[-1.000 0.000 0.000 -86.629]
 [0.000 -1.000 0.000 98.884]
 [0.000 0.000 1.000 -579.617]
 [0.000 0.000 0.000 1.000]]
STransG3
[[-1.000 0.000 0.000 -59.556]
 [0.000 -1.000 0.000 212.218]
 [0.000 0.000 1.000 -579.617]
 [0.000 0.000 0.000 1.000]]
STransG4
[[-1.000 0.000 0.000 -51.257]
 [0.000 -1.000 0.000 147.744]
 [0.000 0.000 1.000 -579.617]
 [0.000 0.000 0.000 1.000]]
STransG
[[-1.000 0.000 0.000 -56.473]
 [0.000 -1.000 0.000 136.788]
 [0.000 0.000 1.000 -579.617]
 [0.000 0.000 0.000 1.000]]
Screen Information: 
Width: 2560px, 597mm
Height: 1440px, 336mm
Webcam Information: 
Width: 1280px
Height: 720px
